Team,GP,PassingO,RushingO,PointO,PassingD,RushingD,PointA,thirdratio,pointratio,TOrat,penrating,QBFS,RBFS,WRFS,DBFS,DLFS,OLFS,LBFS,DEFFS,FloPlayer,FloSched,FloTeam
MIA,2,357.5,107.5,30,230,160.5,25.5,-0.6694075054846027,-0.03358959995120141,-0.673823403139763,-0.14072220566060384,1.6988076559794512,1.292787692376155,1.8453800165493486,0.6296843575227822,0.07370664367755698,-1.3803956548553011,-0.3066761511829571,0.13223828333912735,0.6679414022957864,0.6248545766966721,0.47180380284668966
LAR,2,320.5,90.5,26.5,159,122,21.5,3.540544650503794,0.016345856621920746,-0.6907910862222959,0.15948516641535102,-0.22997091654598104,-1.56044682706444,1.42771545899611,-2.176175043558229,-1.3163304636338147,-1.4361078354285908,-1.4038526350898817,-1.632119380760642,0.31276751236555933,0.6779047111465022,0.5392584644817083
DET,2,288,110,26,277,86,28.5,-0.052789057126097924,-0.26880119856349477,-0.7633750638531321,-1.3415516939644232,1.4530731518942657,-0.5127330698168193,0.694443206879283,-0.21311105682347092,-0.1083011884719918,-0.7430217794870717,0.3444283777395381,0.0076720441480251185,0.6127618866004193,0.41448482146569837,0.45386165662237604
LAC,2,267,147,29,356,105.5,31.5,-0.5701095392230666,-0.26136333179190063,0.8956872819945509,-0.7411369498125135,0.688565937995966,1.460650486477637,0.8428402092011333,0.1691721507731357,-1.5790906315328546,0.08217456307772414,-0.24934567723633433,-0.5530880526653511,0.584750741818955,0.4102869451586961,0.47759135031520994
BUF,2,255,140,27,162.5,113.5,16,0.1718494343656609,0.42138635117311485,-0.13085754449870293,-1.0413443218884684,0.3478996200793831,0.8496290834985551,0.36680326111897316,-1.718908578066985,0.7449616836365269,0.26918487122177903,-0.6287257195832294,-0.5342242046712292,0.5410636845955322,0.7279726825136464,0.5714966253314693
CLE,2,194.5,202,23,152,65,14.5,0.8498553161553534,0.33120381955606487,-0.737452214699262,0.15948516641535102,-1.7875946617295593,0.996952994677807,-1.4112829723685498,0.9255559321741513,0.1647277943435567,1.1476454665210702,0.4063512401455942,0.4988783222211008,0.4000461149199495,0.7030051254877903,0.545234765491229
SF,2,213,173.5,30,269.5,65,15,-0.4635271684737809,0.6996090550980565,-0.09243073281178972,1.3603146547191705,1.1005512213178388,2.3297628385500544,-0.06801723051832431,0.4198109755036834,0.6622935029324077,-0.0690959972876894,1.4518971218457537,0.8446672000939482,0.7033177744603157,0.9371441226358842,0.5845402177362743
MIN,2,354,34.5,22.5,183,166,27,0.4874715009246107,-0.33908903955505887,-0.698567940968457,-1.3415516939644232,1.4577657479163533,-1.689884040790905,1.4725105495966957,-1.2917434384174866,-0.36914643098324035,-0.6869478315074621,0.31361381604519833,-0.44909201778517627,0.5727061451729778,0.3569811829443173,0.45278403477003926
KC,2,265.5,95.5,18.5,234,96,15,0.10272989852204233,0.017036021468866416,-0.7162426108460956,0.7598999105672607,-0.479814180831683,0.3118602401903195,-0.6723003314476403,-0.05560767397560176,0.3358040076115417,-1.3983860464987594,-0.9705198572980274,-0.2301078412206958,0.3840707925213964,0.6056481003951831,0.4825264781223907
NO,2,270.5,101.5,18,175.5,102,16,1.8793413447189335,-0.07941451589178006,-0.09586169814097839,-0.7411369498125135,0.3151823536269114,-0.6875407812048091,-0.08708964906523309,1.8703438462995892,0.062128735489404174,0.8347690901131036,-0.17241288683753303,0.5866865649838201,0.5797924914504097,0.5500337339837886,0.5202736076837048
PHI,2,181.5,178,29.5,340,52,24,-0.5518111606031275,0.013326385416533876,0.7401501870713306,-0.14072220566060384,0.2336560871368762,0.228519468934416,-0.5107265626281495,0.9978966140937963,0.08516414739377656,1.0303168253680828,-0.034909310646488355,0.3493838169470282,0.5840928470326495,0.6542046124075233,0.5106848576354679
BAL,2,203,144,26,232,69,16.5,0.1323685344420409,0.3219006570423781,-0.42637802485282145,1.96072939887108,1.0822619184683935,0.02850568687057903,-0.9433211813419158,-0.3836566277750497,-1.025761655162413,-0.09817137772156105,0.008005907696724202,-0.46713745841357945,0.5752553988661483,0.7409157882813271,0.5248044097341623
TB,2,245,96.5,23.5,277.5,54,17,-0.21640309354871612,0.14971006381111301,1.1289929243793813,-0.7411369498125135,0.8026213544947628,-1.4910191006686095,0.5438940059954337,0.34575464833649744,0.7753885821157329,-1.3507644215601937,0.7892434507947033,0.6367955604156446,0.5309503373902714,0.6652336050636953,0.5493673730705274
NE,2,273.5,82,18.5,209.5,121,24.5,0.15900538268590841,-0.4087393491090579,-0.6269390156748686,-0.14072220566060384,-0.5569950047307078,-0.908159434062758,0.11770203974629526,0.9235573521010354,-1.723126795493777,-0.31896254789127393,-1.0027158733230073,-0.600761772238583,0.38065202755616356,0.2966838137497639,0.42901324420806497
ATL,2,176,170.5,24.5,148.5,119,17,-0.37064623297399973,0.20208139631463143,0.1698475056861897,-0.14072220566060384,0.2866747668320468,0.7455088332356516,-0.8612110589627562,0.322067999039861,-0.8775810234018259,0.4906050760643403,-0.4807553017792822,-0.3454227753804157,0.5408214339126964,0.6932846567448882,0.5295000388798811
DEN,2,242.5,108,24.5,249.5,91.5,26,-0.12479613263422369,-0.24206778895559208,-0.24491808077573116,1.96072939887108,0.5793015123893914,0.006619215310353091,-0.05188078639856933,0.07464522911930085,-1.348169881028489,1.2756403477788747,-0.18021564031334764,-0.4845800974075119,0.5857451668313979,0.4417186231312002,0.4404141483220281
HOU,2,313,62,14.5,198,118,28,-0.5714852271201847,-0.6199614835173809,-0.3041703074131484,-0.14072220566060384,0.1861281980043167,-1.5571884086295276,0.14695606109712614,-0.8372190208203322,0.5403534317672354,0.9413533502081253,-0.8828878935715486,-0.3932511608748818,0.5038146410695609,0.059251067495740384,0.39336647735522884
DAL,2,199,128,35,140,86,5,2.3381434585438146,5.151172317897123,2.7621324210731943,-0.4409295777365587,0.39804179647383,0.02041543498129583,-0.5826766678580557,1.6303582277071378,2.607510328108712,-1.3200407925675708,1.156641766458717,1.7981701074248555,0.5741139508632612,1.2518928429620715,1.3683953705033651
WAS,2,250.5,107,27.5,220,109,24.5,-0.11046347502158395,-0.0816857216381062,-0.2967637790834713,1.0601072826432156,0.33335037888291,0.3890363563328366,-1.403692013353803,-1.3236495438700633,2.0762729450819597,1.415825217727899,-1.0411401565119085,-0.0961722517666707,0.5832915111785983,0.5813220578828968,0.471006480724881
IND,2,225,95.5,26,312.5,78.5,25.5,-0.5067543807191627,-0.17324648662725062,0.02467955042451732,-0.14072220566060384,-0.8064563732334081,-0.11773897637737837,0.5080805320238776,-0.8205816485358252,1.4799826605173287,0.16907467222381253,0.5475389860584445,0.40231333267998276,0.44679817358021956,0.47088286578548716,0.4681985461606396
TEN,2,222,122.5,21,305,65,20,-0.03166919895165886,-0.146187964833766,-0.3041703074131484,0.15948516641535102,-0.14952472317605905,0.2705882102439802,-0.4441648130289296,1.161910056650737,1.2762653316883832,1.3094780750079498,-1.3388828576788652,0.3664308435534183,0.558721981603977,0.527229753190574,0.4698461042301238
JAC,2,228,89.5,20,264,83,19,-0.08926881215467365,-0.14384503680071395,-0.19307238246799102,-1.941966438116333,-0.4809695736794828,-0.33237389642367265,-0.30154171015441406,1.8447396036244843,-0.5464376517560723,0.1061528710808521,0.13530806228842784,0.47787000471894664,0.4697229018626046,0.5138832788547306,0.48914654640528404
NYG,2,215.5,117.5,15.5,185.5,136.5,34,-0.2170472644326267,-0.6751384231193022,-0.8742175912696799,0.7598999105672607,-0.8148884851071424,-0.2854167649297091,-0.7479433435188486,0.23234671706558505,-1.195068248218668,1.6530611514877862,-0.9962870110914472,-0.6530028474148434,0.43815443743752286,0.408658762999811,0.3707851535916724
ARI,2,180,123.5,22,261.5,109.5,25.5,-0.8140849055172135,-0.31290337330329965,0.21697995869322603,1.3603146547191705,-0.10479188178244914,1.2771297555757246,-1.1312833752000724,0.5241656952248831,0.27677946232526174,-0.6065138897334319,1.5502819723184422,0.7837423766228624,0.5234561096797637,0.36621244924866747,0.43434162433749934
SEA,2,220,83.5,25,328.5,97,30.5,-1.1607607930729238,-0.3512517807102476,3.695354990612516,1.0601072826432156,0.5809264011365335,-0.3535514233629934,-0.4930959036264951,-0.06670453871390539,-0.5027377999138899,-0.7015940119498975,-0.97859754426403,-0.516013294297275,0.4925607307026534,0.3302899662099683,0.4999740845718152
GB,2,198,88,31,226.5,166.5,22.5,0.9559578137255826,0.14563673794972826,0.3124231760324749,1.0601072826432156,0.06585487099846932,-0.6605025504767281,2.5350332702843947,-0.12398960733607335,-0.46427694240622835,-0.8379161529910264,-0.8362398136302712,-0.47483545445752434,0.4551857644156425,0.7056933752823389,0.5339182618074176
CHI,2,213.5,94.5,18.5,281,106,32.5,-1.0345471358878517,-0.5742228939490609,-0.7273084911173129,-0.14072220566060384,-0.9946646392659616,0.2328307415525461,-0.42088857372277133,-1.52169894356576,0.2967263536093353,1.6027383776599313,-1.6742456803783259,-0.9664060901115835,0.4160812483539895,0.0773500163686121,0.38429286426098547
CAR,2,149.5,127,13.5,175.5,132,22,-0.3517410380219772,-0.5346880314053208,-0.6269390156748686,0.7598999105672607,-1.5,0.3243658466586489,-1.6648506859690007,-0.49682088773579686,0.14717483518422286,0.15613582297469675,1.113827137067385,0.254727028171937,0.3597448885633857,0.23553958711899659,0.3950621649774054
NYJ,2,155,118,16,245.5,115.5,23,-1.1588545499510734,-0.46166831780604767,-0.27084092992960124,-1.641759066040378,-2.0400956110883777,0.8583293462122987,-0.07157114926704494,0.4385220712120035,0.4447693114023802,0.5805570342816307,1.4735104355773316,0.785600606063905,0.3740700841510527,0.5426904072433567,0.42146315897345316
LV,2,192.5,58,13.5,225.5,138.5,27,-0.44331443464253933,-0.6358599237416633,-0.9707578570840925,-0.14072220566060384,0.48115405571582864,-2.0390354630481817,1.640120551152156,-0.6130515674699499,-0.1654486071500237,-1.6682419211506307,0.4050038284922612,-0.12449878204257082,0.4436521640214235,0.12081875407723891,0.3787080830692525
PIT,2,227,48,16.5,227.5,193,26,-0.6047270921376797,-0.5160101435893808,0.40162827459138073,-0.4409295777365587,-1.257193713894934,0.23176026187170562,0.2704508952906106,-0.5300801308601608,-0.19702387905571964,0.32016978681052655,2.1376232069895287,0.47017306569121614,0.4162106743691521,0.25670495181067626,0.4259483562380847
CIN,2,152,70.5,13.5,195.5,192,25.5,-0.5030591368889769,-0.6096742574899041,0.11800180737844958,-1.0413443218884684,-2.3888572642777817,0.34033824330596746,-0.5443920495008652,-0.33753316892397417,-0.6315085586763142,-0.7687223389777262,1.345134700898434,0.12536432443271525,0.23488598035656338,0.13972579224727688,0.41239164754166907
